[array([[[[ 0.06123498,  0.05760278, -0.0255526 ,  0.04623975,
           0.00493471, -0.08499534, -0.04068755,  0.04638038,
           0.08412758, -0.00844982, -0.0284995 ,  0.0236381 ,
          -0.07911594, -0.09046883,  0.07728721,  0.047326  ,
           0.12248638, -0.10703782,  0.1139558 ,  0.02889225,
           0.13153481, -0.13144153,  0.09215929, -0.13044196,
          -0.0484621 ,  0.05439667,  0.03221368, -0.05710109,
          -0.048127  , -0.00575242, -0.12428965,  0.09988929]],

        [[ 0.03755397,  0.07662945, -0.10950138, -0.02606466,
          -0.04977524,  0.09474003, -0.11894717, -0.12056647,
           0.12839966,  0.02966172, -0.02997176, -0.04680494,
           0.06899136, -0.12486182,  0.11550149,  0.0306363 ,
           0.02326061, -0.10916422, -0.01648456, -0.12527345,
           0.00698257, -0.05228974,  0.06976477, -0.13202788,
           0.03959074,  0.0704148 ,  0.09690499,  0.06623773,
           0.02264848,  0.1141166 , -0.11856689,  0.01787343]],

        [[-0.10275692,  0.03973069,  0.11476768,  0.08823529,
          -0.00307507,  0.03957471, -0.12353233,  0.08265156,
          -0.12300651, -0.00457055, -0.0459694 ,  0.1103621 ,
           0.0191465 , -0.21351005, -0.03326441, -0.02031813,
          -0.03757524,  0.00033409, -0.01119721,  0.10113128,
          -0.03536673,  0.08183552, -0.06696507, -0.06743418,
           0.00891074, -0.13926613,  0.11078046, -0.141794  ,
           0.07877951,  0.12204269, -0.08637318, -0.07398326]]],


       [[[-0.14944044, -0.04988169, -0.01409704, -0.08427584,
           0.04212558,  0.04238208,  0.01454939, -0.02234086,
           0.04956961, -0.01887242, -0.02482525,  0.03204238,
          -0.06592861,  0.16930348,  0.0559427 ,  0.00588923,
          -0.11102276,  0.03048517, -0.08037514,  0.04378365,
           0.05696327,  0.05801573,  0.10581942, -0.02719205,
          -0.05926294, -0.07991082, -0.03185083, -0.090602  ,
           0.05394771,  0.04131334,  0.06636328, -0.08075486]],

        [[-0.12862995,  0.01936873, -0.06599045, -0.08377968,
          -0.11739908, -0.05712601,  0.07549942, -0.10299467,
           0.04848726,  0.12856954,  0.10239972, -0.03421748,
          -0.10233711,  0.05794839, -0.01554306,  0.07850118,
           0.1305377 ,  0.07787034,  0.00341502,  0.00269469,
          -0.1064047 ,  0.09084013,  0.06524372,  0.06669907,
          -0.12620865, -0.11573581, -0.1268229 ,  0.07675076,
          -0.00099848, -0.06832439, -0.05191068,  0.14178462]],

        [[ 0.08234153,  0.05112806, -0.06074851, -0.06114261,
          -0.12853608,  0.11686053,  0.00580954,  0.10932763,
          -0.05163841, -0.11833993, -0.03723955,  0.02754404,
           0.09437714, -0.13780947, -0.02513191, -0.10178678,
           0.08268486,  0.12203234,  0.05957485, -0.14335987,
           0.07640757,  0.10571877, -0.00379846,  0.10878271,
           0.09899059,  0.1420768 , -0.04972484, -0.06464635,
           0.1077057 , -0.03906339, -0.08960106, -0.09292161]]],


       [[[ 0.09987592, -0.02814535, -0.1589916 ,  0.0778248 ,
          -0.0546327 , -0.09968802, -0.02043026,  0.06080139,
           0.07208316,  0.01565926, -0.13356927,  0.02778751,
          -0.02228493,  0.00048179,  0.01717439,  0.05290124,
           0.02589528, -0.08578885,  0.05966275,  0.06666911,
           0.05438185, -0.02403427,  0.11639731, -0.14798938,
          -0.15110758,  0.01243949, -0.15109764, -0.01638749,
          -0.03849167,  0.00493533, -0.10874031,  0.08590469]],

        [[ 0.04891462, -0.00853462,  0.08883961,  0.04890149,
           0.09176958, -0.11292776, -0.02041313, -0.11383219,
           0.02312332,  0.11246349,  0.02758352, -0.10630135,
          -0.02246962,  0.10015519,  0.04502385, -0.01053428,
           0.11660255,  0.01842267, -0.02205011, -0.09322848,
          -0.03287393,  0.1297379 , -0.0039899 , -0.03005098,
           0.05998582,  0.0638015 , -0.15357189, -0.05436836,
          -0.07439808, -0.06517465, -0.00823912, -0.01395168]],

        [[ 0.10003711,  0.10668267, -0.03520859,  0.05681259,
           0.14682646, -0.02274636,  0.09064674,  0.05611661,
          -0.12882447, -0.12971114,  0.03883491, -0.03715568,
          -0.06015212, -0.01550808,  0.09244748, -0.06823093,
           0.04515504, -0.05357213,  0.10194165,  0.10859422,
          -0.08598371,  0.02759951, -0.00106017,  0.09306376,
          -0.03218558, -0.10911915, -0.07061665, -0.03845016,
           0.04517972, -0.15155381, -0.11915288, -0.08694714]]]],
      dtype=float32), array([-0.01366365, -0.00505146,  0.0255621 , -0.01514447,  0.01791725,
        0.00699638,  0.03780403, -0.01365057, -0.0184983 , -0.01647017,
        0.00341297, -0.00171561, -0.00354765,  0.04148177, -0.01840643,
       -0.00438298, -0.02812745, -0.00850932, -0.02792041, -0.00611696,
       -0.00346748, -0.01244032, -0.02651043, -0.00120313,  0.02225033,
        0.00964827,  0.05746906,  0.0423114 , -0.02796119,  0.02586435,
        0.02557148, -0.00618854], dtype=float32), array([[[[-0.0061803 ,  0.06895982,  0.06049819, ...,  0.04621451,
          -0.00351465, -0.07529437],
         [-0.03739889, -0.01409212,  0.05229157, ...,  0.05784538,
          -0.05734147,  0.06571711],
         [-0.08521454, -0.07400521,  0.06450268, ...,  0.04256998,
           0.01080968, -0.00115272],
         ...,
         [-0.01740428, -0.00231841,  0.03466178, ...,  0.0409231 ,
           0.0467742 ,  0.07138461],
         [ 0.02393606,  0.08300257, -0.07161003, ...,  0.01200415,
          -0.00253279, -0.04133713],
         [-0.00189742,  0.05823044,  0.08133724, ...,  0.03252161,
          -0.06462607, -0.07571896]],

        [[ 0.0624295 ,  0.02905867, -0.02141163, ...,  0.01695018,
          -0.00794866,  0.02409848],
         [-0.05720836, -0.03547938, -0.05938725, ..., -0.02128639,
           0.05893769,  0.02405754],
         [ 0.05191299, -0.01369851, -0.05378152, ...,  0.06264659,
           0.03088829,  0.00087196],
         ...,
         [-0.03411144,  0.01587598, -0.02016673, ...,  0.02458827,
          -0.05277358,  0.08427847],
         [ 0.01187901,  0.03153299, -0.02995704, ..., -0.0147273 ,
          -0.01738764,  0.07621512],
         [ 0.0577422 , -0.08114097,  0.05131783, ...,  0.06275693,
          -0.00785046, -0.03965953]],

        [[-0.02049871,  0.01546404, -0.0686993 , ..., -0.04175562,
           0.06041006,  0.05627435],
         [ 0.05501307,  0.06489233, -0.05216301, ..., -0.0584363 ,
           0.03118341,  0.01916769],
         [ 0.08837635,  0.08541559, -0.01524588, ...,  0.05591373,
          -0.08363865, -0.05331118],
         ...,
         [-0.05667195, -0.08516034, -0.07769721, ..., -0.05834392,
          -0.03514862,  0.10483792],
         [-0.04342313,  0.02702615,  0.02315904, ..., -0.08498613,
          -0.05359974, -0.08394514],
         [ 0.06460661, -0.08779637,  0.07470273, ...,  0.04690128,
          -0.04134158,  0.08246177]]],


       [[[-0.00928302, -0.01820663, -0.06833182, ..., -0.07125695,
          -0.00766384, -0.03825298],
         [-0.00383936,  0.07217757,  0.07583475, ...,  0.01287946,
           0.06303902,  0.0271195 ],
         [ 0.08194625,  0.04670947,  0.06575821, ...,  0.01152483,
          -0.1106409 ,  0.01429074],
         ...,
         [-0.01478409,  0.05839252, -0.00784726, ..., -0.04879161,
           0.02402061, -0.05375318],
         [ 0.05741541, -0.0690176 , -0.01988173, ..., -0.00969899,
           0.05560723, -0.03872222],
         [ 0.01136085, -0.07040294,  0.0206531 , ..., -0.01801882,
          -0.0286134 ,  0.01826474]],

        [[-0.00225017, -0.05598636,  0.0289735 , ...,  0.01367712,
          -0.0033411 , -0.05920959],
         [-0.03567423,  0.0746296 ,  0.05335032, ...,  0.06076065,
           0.06788103,  0.07779754],
         [ 0.10036992,  0.05120367,  0.08592179, ..., -0.00095977,
          -0.06136999,  0.06325018],
         ...,
         [ 0.0722195 , -0.08585014,  0.0541674 , ..., -0.04267212,
           0.05679725, -0.00614235],
         [ 0.01166772, -0.00143702, -0.00424549, ...,  0.07236395,
           0.03690198, -0.0441806 ],
         [ 0.01162881,  0.0348165 , -0.04953836, ...,  0.09125923,
           0.07541226, -0.07909832]],

        [[ 0.00104486, -0.00385334,  0.03449019, ..., -0.01021428,
           0.00874509, -0.03975911],
         [ 0.05735806, -0.06234039,  0.00249114, ..., -0.00728515,
          -0.0634138 , -0.01408646],
         [-0.02275123,  0.0117012 , -0.02427751, ..., -0.07269584,
          -0.07451467, -0.07273173],
         ...,
         [ 0.03979186, -0.05657861,  0.02183219, ..., -0.01319023,
           0.02003537, -0.03528441],
         [-0.00904547, -0.06316281,  0.08081587, ...,  0.06254817,
          -0.08158068, -0.00382788],
         [-0.06115661, -0.09806807,  0.0771278 , ..., -0.00383437,
          -0.03590242, -0.03275447]]],


       [[[ 0.08875731, -0.01156537, -0.03843717, ...,  0.06986631,
          -0.07156326, -0.02216831],
         [-0.08531223, -0.00376371, -0.00989184, ..., -0.07635917,
          -0.07223126,  0.05126129],
         [-0.0220321 , -0.06693349,  0.08665132, ...,  0.03973873,
          -0.06262349,  0.03260359],
         ...,
         [-0.06692818, -0.02007549,  0.07026268, ...,  0.03355201,
          -0.00996264, -0.02402181],
         [ 0.04300943,  0.05398896, -0.07046816, ..., -0.08584298,
           0.08387735,  0.08203219],
         [ 0.01650815, -0.05833928,  0.0369864 , ..., -0.03023046,
          -0.07623271, -0.02841486]],

        [[ 0.0558145 ,  0.07393448, -0.08231211, ...,  0.07820859,
          -0.01048312,  0.01368345],
         [-0.06523389,  0.06547462,  0.02381147, ...,  0.07098021,
           0.01974646,  0.01600817],
         [ 0.01382178, -0.00154828,  0.09364986, ..., -0.08617912,
          -0.04630958, -0.02533164],
         ...,
         [ 0.08089846, -0.00646632, -0.0065416 , ..., -0.03979895,
          -0.0352218 , -0.06620607],
         [-0.00753992, -0.07633295, -0.01100398, ..., -0.01136299,
          -0.03116857,  0.02925685],
         [ 0.00023348,  0.01554406,  0.0295581 , ..., -0.07291035,
          -0.00734954,  0.03669769]],

        [[ 0.03637533, -0.03818597, -0.08217374, ..., -0.0416153 ,
           0.04184309,  0.04677199],
         [ 0.03254336, -0.02337859,  0.00036311, ..., -0.04330242,
          -0.00590241,  0.01037302],
         [-0.02184685,  0.06966996,  0.05210628, ...,  0.02311612,
          -0.08519579,  0.03232873],
         ...,
         [ 0.06491497,  0.02903087, -0.05527782, ..., -0.01357288,
          -0.02455384, -0.07500906],
         [-0.01461848,  0.05037405, -0.03981571, ..., -0.08867611,
          -0.08786692,  0.02404183],
         [ 0.00616317, -0.06239579,  0.01388209, ..., -0.00299678,
          -0.00127917, -0.07643968]]]], dtype=float32), array([ 0.00019451, -0.00901203,  0.02006465,  0.00660764,  0.01116443,
        0.01516593, -0.00807229,  0.01411354, -0.00247761,  0.00034913,
       -0.0140555 ,  0.00346247,  0.02720977, -0.0002065 ,  0.01247993,
       -0.01786305,  0.02068135,  0.0113421 ,  0.01444454, -0.01941229,
        0.01529556, -0.01862624,  0.00536641,  0.01199875,  0.0257763 ,
        0.01914949, -0.01326597, -0.01256167,  0.00134059, -0.01535713,
        0.00569324,  0.01140644,  0.01189854,  0.00811462, -0.00094676,
        0.00395265, -0.00483058,  0.00890126,  0.01150069,  0.00807399,
        0.00027942,  0.00365725, -0.00486197,  0.00344681, -0.01310369,
        0.0204354 , -0.01548941,  0.01039294,  0.00370109,  0.01838347,
        0.0011041 ,  0.01110346, -0.00168748,  0.00026008,  0.00843529,
       -0.00759073, -0.00577867, -0.00079175,  0.01113875, -0.01293552,
       -0.01446466, -0.00311497, -0.02130595,  0.00707903], dtype=float32), array([[[[-2.77766511e-02, -5.32148220e-03, -4.03497741e-02, ...,
           5.02608381e-02, -2.19164547e-02, -6.07797354e-02],
         [ 1.25902742e-02, -3.99102978e-02,  3.07297781e-02, ...,
          -5.15116937e-02,  2.72019883e-03,  2.18922868e-02],
         [-6.06992543e-02, -2.25628372e-02,  4.02459921e-03, ...,
           6.38988093e-02,  1.99266039e-02, -3.33208367e-02],
         ...,
         [ 5.31293750e-02,  2.82618799e-03, -6.84493780e-02, ...,
          -2.72981022e-02, -2.30805967e-02,  2.74510924e-02],
         [-2.71141231e-02,  3.86596024e-02,  3.50491665e-02, ...,
           9.48628783e-03,  7.05321357e-02,  3.62245627e-02],
         [-2.36227456e-03, -1.79588720e-02,  2.54726261e-02, ...,
          -2.33757608e-02, -2.92876773e-02,  1.84744056e-02]],

        [[ 1.93754621e-02, -2.43841484e-02,  3.61467972e-02, ...,
           3.74514610e-02,  3.49632129e-02, -5.67329898e-02],
         [-3.53667000e-03,  3.35611254e-02,  3.55643965e-02, ...,
           4.43289131e-02, -4.20106426e-02,  5.79737499e-02],
         [ 5.20635098e-02,  1.75274834e-02, -4.45713438e-02, ...,
           1.14382124e-02,  9.87649150e-03, -6.22076802e-02],
         ...,
         [ 6.94845915e-02,  3.26594561e-02, -3.72740366e-02, ...,
           1.46711282e-02,  2.63839457e-02, -1.54739677e-03],
         [-4.04652879e-02,  4.90612388e-02,  1.83864161e-02, ...,
           1.34311952e-02,  2.72256788e-02, -3.02334037e-02],
         [ 2.46288925e-02, -1.29263778e-03, -2.40718331e-02, ...,
          -4.40273918e-02,  2.95656510e-02,  3.86802219e-02]],

        [[ 1.15609076e-02, -2.78878305e-02, -8.69518204e-04, ...,
          -7.96503294e-03, -2.18318421e-02, -3.44547108e-02],
         [ 1.45170735e-02,  9.08347778e-03,  4.39822255e-03, ...,
          -4.89274748e-02, -1.99676666e-04,  4.90098298e-02],
         [ 2.74143200e-02, -3.52339819e-02,  1.28113879e-02, ...,
           5.28713912e-02, -4.72802073e-02,  1.42336041e-02],
         ...,
         [-2.37568729e-02,  4.73051816e-02, -6.78478777e-02, ...,
           6.36697784e-02,  4.53509949e-02, -2.51168609e-02],
         [-1.67624801e-02,  4.83649783e-02, -3.78992818e-02, ...,
          -5.42266015e-03,  6.50192276e-02,  3.65986414e-02],
         [ 2.06728615e-02,  3.47588062e-02, -4.01925109e-02, ...,
          -1.26210076e-03, -8.71239509e-03, -1.53449075e-02]]],


       [[[-6.42764475e-03, -1.99106839e-02,  2.36633304e-03, ...,
           4.40848544e-02, -4.69383411e-02, -3.92696261e-02],
         [-3.12626436e-02,  1.38668027e-02, -2.99880803e-02, ...,
          -4.38385457e-03,  6.51244894e-02, -1.32050284e-03],
         [-4.84227724e-02, -3.68743986e-02,  5.48903681e-02, ...,
          -5.47386846e-03, -5.06999763e-03,  8.40612594e-03],
         ...,
         [ 4.00183462e-02,  2.89300121e-02,  2.09745057e-02, ...,
           4.50611003e-02,  5.66916838e-02, -1.33189214e-02],
         [ 7.82330893e-03,  8.23868252e-03,  4.31764536e-02, ...,
          -1.29342908e-02, -6.27657697e-02,  2.47504842e-02],
         [ 2.02544220e-02,  6.33975142e-05, -9.29091312e-03, ...,
           5.40639721e-02, -1.86470747e-02, -2.97356751e-02]],

        [[ 3.83688435e-02,  1.99363045e-02, -2.46031079e-02, ...,
          -1.24024646e-02, -1.02704139e-02, -1.92023665e-02],
         [ 5.03590591e-02,  2.19304115e-03,  5.39118163e-02, ...,
           6.50080293e-02,  2.02359189e-03, -3.34574319e-02],
         [ 2.18874104e-02,  3.79250981e-02, -3.54961231e-02, ...,
           2.91629490e-02,  2.80916654e-02,  1.78275872e-02],
         ...,
         [ 9.24253929e-03,  4.28883694e-02, -4.18164954e-02, ...,
           2.29734322e-03, -5.89382723e-02,  2.13531572e-02],
         [ 2.15980969e-02, -8.55193660e-03, -2.99100075e-02, ...,
           1.15832025e-02,  3.76020186e-02,  3.59872356e-02],
         [ 3.27330641e-02, -7.91025627e-03,  2.58982312e-02, ...,
          -4.53815311e-02, -3.83830629e-02, -1.57331396e-02]],

        [[-1.72984321e-02, -8.94494355e-03, -4.39530462e-02, ...,
           2.31052865e-03,  6.21896936e-03,  5.58847301e-02],
         [-1.76342968e-02, -1.91851202e-02, -5.30847013e-02, ...,
           4.82989149e-03, -1.98936779e-02, -3.84600610e-02],
         [ 5.09019988e-03, -3.46987620e-02,  2.17179190e-02, ...,
          -4.12182547e-02, -5.99012375e-02,  8.18920881e-03],
         ...,
         [ 6.87502325e-02, -2.22834107e-02, -7.23285377e-02, ...,
           2.24490501e-02, -3.21071148e-02, -5.39602265e-02],
         [ 2.47781221e-02,  1.29242511e-02,  1.06669823e-02, ...,
          -4.93155718e-02, -9.48084332e-03, -4.05852608e-02],
         [-4.04283404e-02,  2.92393863e-02, -3.64295468e-02, ...,
           3.16759422e-02,  4.18742141e-03, -6.02215044e-02]]],


       [[[-5.17730266e-02, -7.05072051e-03,  2.20177477e-04, ...,
           4.46990766e-02,  8.59654881e-03,  4.70581278e-02],
         [-6.46616593e-02, -1.23352921e-02, -2.13151183e-02, ...,
          -2.93749422e-02,  1.64218470e-02, -3.24818641e-02],
         [-5.08427173e-02, -5.27463071e-02,  3.33688483e-02, ...,
          -2.93166377e-02,  1.75008215e-02, -2.09005084e-02],
         ...,
         [ 1.35644842e-02,  2.14087851e-02,  2.59086043e-02, ...,
          -4.95525263e-02,  6.74069747e-02, -1.88677888e-02],
         [-3.91075574e-02,  5.46229444e-02, -4.72387113e-02, ...,
           4.41773720e-02, -9.28412005e-03, -4.52809669e-02],
         [ 3.81240388e-03, -4.02006619e-02, -5.09064645e-03, ...,
           6.22842759e-02,  1.16081266e-02, -6.17919862e-02]],

        [[-6.14551753e-02,  3.42946276e-02,  1.22537734e-02, ...,
          -5.50704123e-03, -5.59701510e-02,  4.15800065e-02],
         [ 4.11153510e-02,  2.98440196e-02,  4.31020819e-02, ...,
          -4.70827371e-02,  1.52599746e-02,  1.89909283e-02],
         [-6.65893853e-02,  6.65252237e-03, -1.82762314e-02, ...,
          -3.20295356e-02,  1.74439270e-02,  2.07289644e-02],
         ...,
         [ 3.07513960e-02, -2.76288074e-02,  4.08562347e-02, ...,
           3.11399880e-03, -2.19479445e-02, -3.01407073e-02],
         [-1.65384181e-03, -2.94436626e-02, -3.86470854e-02, ...,
           9.53163672e-03,  2.82267723e-02,  7.66848400e-03],
         [-4.43899706e-02, -3.38000315e-03, -3.05454545e-02, ...,
          -4.84810770e-02,  5.55550680e-02, -5.86166084e-02]],

        [[ 1.10062277e-02, -3.77163105e-03, -2.26122923e-02, ...,
          -7.58785196e-03, -2.18560100e-02, -1.39519051e-02],
         [-1.94380172e-02,  5.15618036e-03, -1.59408841e-02, ...,
           2.74729636e-02,  9.70636029e-03, -3.51700447e-02],
         [ 1.26420753e-02, -5.11104092e-02, -4.74457406e-02, ...,
           1.89019945e-02, -4.51667234e-02,  5.94260432e-02],
         ...,
         [-8.65426101e-03, -2.19014380e-03,  4.70614620e-02, ...,
          -3.66783217e-02,  5.35811819e-02,  2.10563131e-02],
         [ 1.25535047e-02,  6.31334111e-02,  3.32275741e-02, ...,
          -6.58127591e-02, -4.64251675e-02, -4.10682857e-02],
         [-9.08736838e-04,  3.38591216e-03,  4.29122262e-02, ...,
          -1.09392516e-02,  2.54902802e-02,  3.86482514e-02]]]],
      dtype=float32), array([ 0.00894715, -0.00788848,  0.0127023 ,  0.01381937,  0.00046458,
       -0.00992145,  0.01103311,  0.01892902,  0.00666423,  0.00855627,
       -0.00025559,  0.01341934, -0.01348989,  0.00604435, -0.01670543,
        0.00390646, -0.00123743,  0.01935804, -0.00045926,  0.00373597,
       -0.00507257, -0.00086817, -0.00890493, -0.00812886, -0.01021312,
        0.00860875,  0.01203956,  0.00497775, -0.01378898,  0.00417395,
       -0.00339942,  0.00778097, -0.02038791,  0.01012188,  0.00720047,
        0.01175019, -0.00602201,  0.00479828, -0.00654565, -0.00105245,
        0.00426437, -0.0123203 ,  0.00538809, -0.02221046,  0.01099682,
        0.01087201, -0.0097742 , -0.00919081,  0.00586781,  0.00043402,
       -0.01309833,  0.00765178, -0.00583058,  0.01869915, -0.00672325,
        0.0074126 ,  0.00605283,  0.00677519, -0.00432295, -0.00163435,
        0.00556082,  0.01089912,  0.00155544,  0.0113315 , -0.00149885,
       -0.00457261, -0.00233962, -0.01631939, -0.00831596,  0.0061446 ,
        0.00475053,  0.01085933, -0.00395625, -0.00650368, -0.00156982,
        0.0013499 , -0.00844133,  0.00843982, -0.0143957 ,  0.0088233 ,
        0.0194917 ,  0.00137718,  0.00282025, -0.01631789, -0.00252571,
       -0.00382706,  0.00401771, -0.00010736,  0.01672771,  0.02036526,
        0.00667474,  0.00623746,  0.02352326, -0.00056712, -0.00507385,
        0.00447233, -0.00050588,  0.00720979,  0.00333826,  0.00198336,
       -0.00787399,  0.02738533,  0.00134578,  0.00495644, -0.0014453 ,
       -0.00573116,  0.00869465,  0.00048218, -0.0150356 , -0.00671145,
       -0.00484707, -0.00923914,  0.00810282,  0.00491044, -0.0025538 ,
       -0.01166838,  0.01074458,  0.02004285, -0.00644119, -0.00050961,
        0.02762036, -0.00363444, -0.00850388,  0.00680417,  0.01060278,
        0.02047592,  0.00196424, -0.00231531], dtype=float32), array([[[[-4.61828485e-02, -4.12945263e-02, -3.38940043e-03, ...,
           1.61908735e-02, -4.28010784e-02,  2.00361144e-02],
         [-1.55843031e-02, -2.02454105e-02, -2.70680301e-02, ...,
           2.84995548e-02,  3.53649668e-02,  1.99094918e-02],
         [ 6.57361140e-03, -4.34655882e-02,  1.50932763e-02, ...,
           2.70722061e-02, -6.24694070e-03,  2.72865929e-02],
         ...,
         [ 1.18892230e-02,  2.81124711e-02,  3.99234891e-03, ...,
          -3.40538286e-02, -2.41265185e-02, -2.14329828e-02],
         [-1.96879208e-02,  1.30866552e-02,  2.03726441e-02, ...,
          -8.91979667e-04,  4.23801690e-02, -7.64757721e-03],
         [-1.80521812e-02, -1.70629006e-02,  2.26142108e-02, ...,
           2.54393350e-02,  1.89227704e-02,  8.28237925e-03]],

        [[-2.12800764e-02,  4.30902988e-02, -1.41587462e-02, ...,
          -9.76251718e-03, -6.39533624e-03,  1.96869671e-02],
         [ 2.20512506e-02, -3.82602140e-02, -3.49855833e-02, ...,
          -3.13710235e-02, -3.90525460e-02, -2.68058963e-02],
         [-2.28459807e-03, -1.27464049e-02, -4.38045524e-02, ...,
           1.31122591e-02,  2.11068951e-02, -4.16233987e-02],
         ...,
         [-4.97674160e-02, -3.38558331e-02, -2.68242136e-02, ...,
           1.79693755e-02, -1.88477878e-02, -1.37465280e-02],
         [ 2.03022584e-02, -3.67639214e-03, -4.02457230e-02, ...,
           4.21350496e-03,  2.15275399e-02, -4.51969542e-02],
         [-3.77674610e-03,  7.87572004e-03, -3.05867568e-02, ...,
          -3.61002516e-04,  1.92938726e-02, -3.88327241e-02]],

        [[ 2.28946432e-02, -8.68415181e-03, -3.22226137e-02, ...,
           3.55589949e-02, -4.00312282e-02,  3.56656946e-02],
         [ 3.11070438e-02, -2.79182792e-02,  4.60742489e-02, ...,
          -4.04950418e-02,  2.28124633e-02, -2.76177730e-02],
         [-2.01001111e-02, -1.76270884e-02,  4.04383522e-03, ...,
           7.45160226e-03, -2.62696892e-02,  9.58890747e-03],
         ...,
         [-1.45177925e-02, -1.08458959e-02, -2.71565970e-02, ...,
           2.70165391e-02, -1.85777098e-02, -4.66394871e-02],
         [-1.68300811e-02, -1.38677321e-02,  3.73583771e-02, ...,
          -1.03094913e-02, -2.27836445e-02, -8.29951651e-03],
         [-1.08995168e-02, -1.87648553e-02,  2.91982386e-02, ...,
           8.85968935e-03, -2.99124029e-02, -2.80733388e-02]]],


       [[[ 3.28655262e-03, -2.90971659e-02,  2.21486855e-03, ...,
          -6.82252832e-03, -1.73205305e-02, -1.06743872e-02],
         [ 3.47925536e-02,  3.85505594e-02, -4.54048105e-02, ...,
           3.44775133e-02, -3.65685746e-02, -2.51671132e-02],
         [-2.85911914e-02,  2.88152155e-02,  9.13501251e-03, ...,
           4.12013680e-02, -4.24440205e-02, -3.71610187e-02],
         ...,
         [ 3.93215120e-02,  1.96154267e-02, -1.74970981e-02, ...,
           2.43289787e-02, -5.11149727e-02, -2.88699344e-02],
         [-4.50307392e-02, -2.44347826e-02,  5.71245933e-03, ...,
          -2.54870374e-02,  3.35346051e-02,  2.90383603e-02],
         [-2.33365633e-02,  1.39836995e-02, -1.82147101e-02, ...,
           3.24118361e-02, -3.22970413e-02, -5.10338880e-03]],

        [[ 4.27313847e-03, -9.17011779e-03, -5.11462539e-02, ...,
          -3.25044505e-02,  1.90448742e-02, -2.60007903e-02],
         [-2.96483524e-02,  2.57452801e-02, -3.33314128e-02, ...,
           3.25736366e-02,  7.04135373e-03, -8.21608491e-03],
         [-9.62521229e-03,  3.47047411e-02,  9.06516798e-03, ...,
           9.52438451e-03, -3.69324870e-02,  1.76621266e-02],
         ...,
         [ 2.47129574e-02,  1.48217781e-02, -1.00915693e-02, ...,
          -1.40160043e-02,  1.50497202e-02,  2.34207418e-02],
         [ 5.36551652e-03, -2.99938470e-02, -2.10247152e-02, ...,
          -1.20013161e-02,  2.85744574e-02, -3.15379202e-02],
         [ 1.89022515e-02,  3.17239501e-02,  1.16604613e-02, ...,
           2.33994499e-02,  4.07906435e-03, -4.22833487e-02]],

        [[ 3.84741765e-03, -3.42894495e-02, -1.22886449e-02, ...,
          -4.87447158e-03, -2.34977398e-02, -5.05375769e-03],
         [-2.94417217e-02, -2.75505949e-02,  9.06149577e-03, ...,
          -1.75673757e-02, -1.92397647e-02,  1.17064556e-02],
         [ 1.20779211e-02,  1.95001867e-02,  3.67131084e-02, ...,
          -1.48576056e-03, -1.28459446e-02,  1.16012283e-02],
         ...,
         [-2.06443090e-02, -7.13228015e-03, -2.50010639e-02, ...,
           4.48740385e-02,  4.08671722e-02, -3.43850628e-02],
         [ 1.48927309e-02,  2.67040990e-02,  5.85473552e-02, ...,
          -3.54425795e-02, -3.18148918e-02, -3.43773067e-02],
         [ 1.85138900e-02, -1.81467608e-02,  3.64402831e-02, ...,
           3.47682126e-02,  1.98378935e-02, -2.10854616e-02]]],


       [[[-4.60232608e-02, -3.40175927e-02,  1.30239157e-02, ...,
          -3.31687890e-02,  4.90716249e-02, -1.18006784e-02],
         [-2.84276474e-02, -2.68273000e-02,  3.54069732e-02, ...,
          -1.21965818e-02,  3.20067666e-02, -3.36301455e-04],
         [ 1.96700133e-02,  2.55066808e-03,  1.72405951e-02, ...,
          -2.19873525e-02,  3.73406336e-02, -3.95879075e-02],
         ...,
         [ 3.05090677e-02, -7.09070731e-03, -2.48668324e-02, ...,
          -1.89590559e-03, -3.05450093e-02, -1.84156792e-03],
         [-5.32029523e-03, -3.33946534e-02,  1.26392441e-02, ...,
          -4.52544540e-02, -7.13741407e-03, -4.10163775e-02],
         [-1.59870915e-03, -3.01133059e-02, -2.55117123e-03, ...,
           1.14022810e-02,  2.93183476e-02, -2.69315951e-02]],

        [[ 1.69713758e-02, -2.16166843e-02, -4.83617932e-02, ...,
          -1.56509355e-02, -2.72021592e-02, -6.93808310e-03],
         [-2.44948864e-02,  2.74023581e-02, -7.65146688e-03, ...,
           2.21328922e-02,  1.03882374e-02, -8.69123917e-03],
         [ 1.07609686e-02,  2.84540690e-02, -3.07770837e-02, ...,
          -3.07527874e-02, -4.31705974e-02, -3.48256752e-02],
         ...,
         [-5.23128510e-02,  8.61712825e-03, -2.00897325e-02, ...,
          -4.82993536e-02, -2.21904963e-02, -3.52921225e-02],
         [ 1.86267942e-02,  7.68172601e-03, -2.84649674e-02, ...,
          -4.29204516e-02, -1.69620626e-02, -1.15170404e-02],
         [ 4.13848497e-02, -3.57429273e-02, -1.60330045e-03, ...,
          -4.15243246e-02, -2.22948100e-02,  3.43395285e-02]],

        [[-2.64150407e-02,  3.44756953e-02, -1.80473495e-02, ...,
          -3.28335539e-02, -2.86875721e-02,  2.45030038e-02],
         [ 2.15403829e-03, -3.80983725e-02, -7.21578905e-03, ...,
           1.48475356e-02,  1.36002405e-02,  7.13061728e-03],
         [-4.97254692e-02, -2.09340192e-02, -2.29719444e-03, ...,
           1.67894345e-02,  5.18158823e-02, -2.85522938e-02],
         ...,
         [-5.35536893e-02, -9.97170806e-03, -2.22252347e-02, ...,
          -1.09615475e-02,  2.21721344e-02, -1.05310250e-02],
         [ 2.51854807e-02, -3.93378921e-02,  1.17044840e-02, ...,
           1.62831880e-03, -1.91858376e-03,  4.91904357e-05],
         [-1.30377267e-03, -4.37085107e-02, -2.60417294e-02, ...,
           2.32063457e-02,  4.98961704e-03, -1.50527637e-02]]]],
      dtype=float32), array([-4.22711339e-04, -5.56448195e-03, -1.60092395e-03,  3.76026309e-03,
       -1.12193753e-03,  1.78075135e-02,  7.15179928e-03, -1.95143316e-02,
        2.50489470e-02, -5.92627656e-03, -1.36977397e-02, -4.79202950e-03,
        6.10667001e-03,  3.55792698e-03, -2.56063323e-03,  1.07166322e-03,
       -9.74980462e-03,  7.95912649e-03, -1.16188768e-02, -1.24564599e-02,
        1.68758593e-02, -1.32006994e-02,  8.95667635e-03,  2.30349973e-03,
       -2.54976121e-03,  1.77583110e-03, -8.10068194e-03, -4.03828081e-03,
       -7.50108762e-03, -8.85649770e-03, -6.39322074e-03, -3.60347563e-03,
        5.40874945e-03, -6.69996394e-03,  7.37974327e-03,  1.59367807e-02,
        2.15787236e-02, -8.41246173e-03,  9.94419772e-03,  7.37866247e-03,
        2.76275747e-03,  5.90681843e-03, -9.94180329e-04,  7.48747634e-03,
        1.49858491e-02, -2.01002173e-02, -5.47759887e-03,  1.85266626e-03,
       -2.44318554e-03, -1.06697772e-02, -1.46852927e-02,  1.09313033e-03,
        1.39222303e-02, -2.13407516e-03, -4.68522543e-03, -1.39536969e-02,
        6.16636267e-03, -1.59773056e-03, -1.68074276e-02,  1.21570099e-02,
       -1.04411668e-03, -7.64152873e-03,  8.04150384e-03, -1.33045565e-03,
       -5.64664928e-03, -4.58457554e-03,  4.81733092e-04,  2.67521100e-04,
        5.87724335e-03,  2.97330250e-03, -3.25453607e-03, -6.86398591e-04,
       -8.01875070e-03,  1.22943986e-02, -6.09826157e-03, -2.05665976e-02,
       -1.27072763e-02, -8.21074378e-03, -4.70633712e-03,  1.25608291e-03,
        1.25047821e-03, -2.68505723e-03,  4.95245308e-03, -1.89998783e-02,
       -1.93173215e-02,  2.58292630e-02,  9.21086129e-03, -1.37590002e-02,
        1.15848752e-02,  1.30255835e-03, -1.37193990e-03, -6.14433724e-04,
       -1.44397805e-03, -1.03393700e-02, -1.05043184e-02,  4.29946836e-03,
       -2.19236943e-03, -8.94943811e-03,  1.59146097e-02, -1.90100744e-02,
        2.88904109e-03, -1.02879377e-02, -8.16890784e-03, -1.43013112e-02,
        4.55639744e-03, -1.09564085e-02,  3.14906915e-03,  1.04350466e-02,
       -4.10357630e-03,  8.18034541e-03, -1.37644340e-04, -1.04675656e-02,
       -1.61361378e-02,  4.74445336e-03,  7.62862945e-03, -7.45224534e-03,
        1.54227088e-03, -7.16407225e-03,  1.56246638e-03, -8.23974703e-03,
        1.37436867e-03,  1.99731980e-02, -4.73421020e-03, -2.25911383e-03,
       -1.20023973e-02, -4.22026217e-03,  9.95407696e-04, -7.38844601e-03,
        2.49184412e-03, -7.56366365e-03, -7.15674087e-03, -2.02502534e-02,
        9.85522754e-03, -1.79458829e-03, -2.00708816e-03,  1.41096031e-02,
       -1.87714584e-02, -7.85438810e-03, -1.64134819e-02, -5.83468238e-03,
       -8.21635220e-03,  2.08477344e-04, -1.61489118e-02, -1.30176814e-02,
        4.31727339e-03, -8.13629106e-03, -1.16799586e-02,  9.90620069e-03,
       -9.24477540e-03, -1.07415032e-03,  6.48595300e-03,  8.45571514e-03,
        7.46103982e-03, -1.07139687e-03, -5.50871063e-03,  5.69842057e-03,
        2.13533863e-02, -6.69543399e-03, -8.46210110e-04,  8.71347846e-04,
        6.42540259e-03, -3.53268720e-03,  8.14099237e-03,  8.91588279e-04,
       -5.60056325e-03, -8.37093405e-03, -4.59868507e-03,  1.72714435e-03,
        1.43415276e-02,  4.36308933e-03,  1.18019490e-03, -2.02556141e-03,
       -1.05129965e-02, -6.89420104e-03, -3.92425386e-03, -5.74237481e-03,
       -3.57439579e-03, -1.66173186e-02, -9.57733579e-03, -4.11726674e-03,
       -2.24460359e-03,  7.47787859e-03,  2.30220077e-03, -2.62826518e-03,
       -9.23780538e-03, -1.28126191e-02,  1.44787654e-02, -9.15631931e-03,
        4.26575029e-03, -3.38778552e-03,  2.65247095e-03, -8.63578543e-03,
       -1.06638186e-02, -8.02413560e-03,  2.60972278e-03, -4.91456920e-03,
        1.68275682e-03,  1.48427477e-02, -1.12001449e-02, -2.20493902e-03,
        1.05534578e-04, -5.64714242e-03, -3.83409113e-03,  3.02488543e-03,
       -1.49893807e-02, -5.28852595e-03, -1.02740079e-02,  5.24358079e-03,
       -9.65432543e-03, -1.26054585e-02,  1.12327971e-02,  2.74984841e-03,
        1.34585695e-02, -1.11370739e-02,  2.30617505e-02, -2.37034168e-03,
       -1.04911299e-02, -9.47356597e-03,  3.82282771e-03, -9.65314358e-03,
        9.88352299e-03,  4.22017416e-03, -3.21072713e-03, -7.07091577e-03,
        4.97908378e-03, -5.74275665e-03,  3.18001676e-03, -6.83234818e-03,
       -9.56524909e-03,  5.20578260e-03, -1.34332536e-03,  3.43144103e-03,
        1.84258411e-03,  1.14612142e-02, -6.17184117e-03, -1.08956331e-02,
       -1.04202423e-02,  7.21954321e-03,  5.92400227e-03, -7.53647974e-03,
        6.80130906e-03, -6.39851950e-03, -1.75373890e-02, -2.43854919e-03,
        5.32581878e-04, -9.49861715e-05, -2.80646537e-03, -1.49835891e-03,
        1.58668042e-03, -2.84677302e-03, -2.33149884e-04,  5.65945217e-03,
       -8.35309457e-03, -6.67079305e-03,  9.48398001e-03,  9.84395016e-03],
      dtype=float32), array([[ 0.02757473,  0.02306249,  0.01638134, ...,  0.02123757,
         0.03200718,  0.03344501],
       [-0.02364809,  0.03555447,  0.01012496, ...,  0.03407088,
        -0.04315079,  0.03114827],
       [ 0.02623208,  0.02023519,  0.04394831, ...,  0.01129987,
        -0.05060609, -0.0182019 ],
       ...,
       [ 0.02737013, -0.04926148, -0.03493657, ..., -0.00907059,
        -0.01099084,  0.02480903],
       [ 0.02934019,  0.01183101, -0.03576458, ...,  0.0503721 ,
         0.0107599 , -0.02439092],
       [-0.01545215,  0.03204833,  0.00132164, ..., -0.03035902,
         0.02072986, -0.0323569 ]], dtype=float32), array([-2.50780536e-03,  1.15382820e-02,  5.59163513e-03,  1.57992961e-03,
       -5.14089735e-03,  3.60599789e-03, -2.30451580e-03, -8.22610222e-03,
       -8.08856077e-03, -6.88032620e-03, -1.01639545e-02,  3.03421123e-03,
       -1.12269791e-02, -3.50525021e-03, -1.01942141e-02, -9.87636577e-03,
       -1.46558462e-03,  4.57653962e-03,  3.67989694e-03, -1.47917103e-02,
        2.81686807e-04, -3.88556137e-03, -8.94304365e-03, -4.53541148e-03,
       -5.91561059e-03,  9.10854246e-03,  1.08277826e-02, -3.01347626e-03,
       -1.09085822e-02,  5.07595763e-03,  2.99474434e-03, -2.17710016e-03,
       -2.61422736e-03, -3.59443785e-03,  1.13345487e-02, -3.39148100e-03,
       -8.59541260e-03, -1.00162048e-02, -2.23769783e-03, -6.83117192e-03,
        9.32464190e-03, -3.83164873e-03, -8.71398207e-03,  1.72572993e-02,
       -6.08599838e-03, -4.34870645e-03, -7.55395694e-03, -3.29295360e-03,
       -1.27098523e-02,  5.04770549e-03,  1.37232002e-02, -8.49456992e-03,
        2.05236375e-02, -1.25403302e-02,  1.32223573e-02,  1.10366289e-02,
       -2.78606429e-03, -2.34291051e-03,  1.17538693e-05, -9.56234708e-03,
       -6.88349176e-03, -2.15730513e-04, -3.20949755e-03,  1.09357582e-02,
       -1.64910837e-03,  2.28923606e-03, -9.86314751e-03,  2.55844067e-03,
       -6.53131399e-03, -8.75362288e-03, -6.60194177e-03,  2.56667822e-03,
        5.63924608e-04, -1.02371704e-02, -8.37864168e-03,  6.48896629e-03,
       -6.06069062e-03, -7.47877988e-04, -8.76179431e-03,  2.43545379e-02,
        1.99600626e-02, -8.13554041e-03, -5.83876250e-03, -1.00064499e-05,
       -9.68922675e-03, -8.33922531e-03, -9.57133248e-03,  3.37560987e-03,
       -1.11001935e-02,  1.30266473e-02,  1.07252486e-02, -1.34759368e-02,
       -5.56803728e-03, -1.51847024e-03, -2.78812414e-03,  1.02679543e-02,
        3.01693263e-03,  1.13344630e-02,  8.97408812e-04, -7.50339823e-04,
       -2.53452174e-03, -4.67888822e-05, -5.68006537e-04, -1.11435363e-02,
       -6.64374977e-03, -5.50424447e-03,  2.57129269e-03, -3.80124780e-03,
        4.44103731e-03, -8.22421908e-03,  5.98913943e-03, -7.41680246e-03,
        1.55086340e-02, -4.69344016e-03,  1.08462023e-02,  1.44799717e-03,
        5.69124846e-03,  1.00018391e-02, -5.08305850e-03, -6.90712826e-03,
       -4.75498522e-03, -7.89597258e-03, -3.67088080e-03, -1.05787953e-03,
        2.45200172e-02, -2.89933220e-03,  1.03029553e-02, -4.28312644e-03,
        7.04294536e-03, -4.33975225e-03,  5.19936671e-03, -9.26450267e-03,
       -8.46376084e-03,  2.16015242e-02, -6.87177386e-03, -6.72466727e-03,
       -3.98879498e-03, -7.01539731e-03, -1.11965155e-02, -3.22557101e-03,
        3.58749391e-03,  1.87121946e-02, -1.33732650e-02,  2.02779546e-02,
       -5.06990496e-03,  6.66270591e-03,  1.38674313e-02, -4.38256515e-03,
        1.36787854e-02, -8.05017131e-04, -4.12792573e-03, -2.66336557e-03,
       -5.14192693e-03,  5.98145463e-03, -9.69301257e-03,  4.95489407e-03,
       -8.38990137e-03,  1.32443039e-02,  7.96793774e-03, -9.31540783e-03,
       -8.20906647e-03,  9.21385363e-03, -1.01287421e-02, -5.81680005e-03,
       -3.67240375e-03, -9.67283268e-03, -9.18318983e-04, -5.42317703e-03,
       -2.03603832e-03, -4.01504943e-03, -3.99720157e-03, -6.28224760e-03,
        1.48124052e-02,  2.47203658e-04,  1.22807571e-04, -2.18399661e-03,
       -1.73076987e-03,  7.33900955e-03,  1.34437429e-02,  5.35333389e-03,
       -5.40582556e-03, -3.28199263e-03,  2.51635183e-02, -9.60405730e-03,
       -1.04771452e-02, -1.45537045e-03, -6.79965084e-03, -1.98475854e-03,
        6.64734701e-03, -7.75351934e-03, -6.46911794e-03,  8.55777785e-03,
       -3.37259169e-03, -2.42323871e-03, -1.08581427e-02, -5.93708782e-03,
        5.28921140e-03, -3.96620389e-03,  1.21064838e-02,  9.68772732e-03,
       -6.99545676e-03, -6.83103874e-03, -9.94376279e-03, -6.11182489e-03,
       -7.25256884e-03,  1.36632996e-03, -1.06825326e-02, -7.05530355e-03,
       -1.43424105e-02, -8.77191033e-03,  3.39950342e-03, -9.00722388e-03,
        9.36405268e-03, -6.99111074e-03, -1.03339776e-02, -5.06661972e-03,
       -5.28624805e-04, -2.33898405e-03,  1.15427021e-02,  7.22188083e-03,
       -3.06991232e-03, -7.46477675e-03,  6.69496600e-03, -4.39483626e-03,
       -6.47773594e-03, -3.23851802e-03, -7.96805043e-03, -5.40961558e-03,
        1.81352510e-03, -7.63513660e-03, -5.92028676e-03,  6.11102395e-03,
        8.98336060e-04,  7.65876984e-03, -5.49983745e-03, -7.61786010e-03,
       -7.41698872e-03,  7.33343186e-03, -1.05372183e-02,  8.70335847e-03,
       -3.46548832e-03, -8.41442589e-03,  1.69744261e-03, -6.30952092e-03,
        1.28104687e-02,  3.31942283e-04, -9.98301897e-04, -1.14179542e-02,
        1.40646021e-04,  1.51866693e-02, -7.45974667e-03, -5.40177478e-03,
       -7.72599317e-03,  1.38424989e-03, -7.93026201e-03, -7.19637191e-03],
      dtype=float32), array([[ 0.08664586, -0.05553864,  0.09052139, ..., -0.06136682,
         0.05004098, -0.04137991],
       [ 0.09799661, -0.00508747, -0.01997832, ...,  0.00794343,
        -0.10856128,  0.08807616],
       [-0.00620186,  0.05757983,  0.06141611, ..., -0.05203094,
         0.03132455, -0.07300209],
       ...,
       [-0.06612151, -0.0511991 , -0.10112284, ...,  0.03689905,
         0.0701967 ,  0.01763281],
       [ 0.12019753, -0.06166434,  0.04747412, ..., -0.11466616,
        -0.12065963, -0.06933223],
       [ 0.03255343,  0.02207183,  0.00936654, ...,  0.07669695,
         0.0270871 , -0.11808342]], dtype=float32), array([ 0.01975462,  0.03628423, -0.02486511,  0.02119798, -0.00644783,
        0.02063777,  0.01129266,  0.00562407, -0.01959848,  0.04401461,
       -0.02518215,  0.01556666, -0.0023239 ,  0.0192695 ,  0.00279028,
       -0.01704179, -0.02344217,  0.00272286, -0.0179189 , -0.03485863,
       -0.01130986, -0.02365652,  0.01635555,  0.00895915, -0.01825396,
       -0.03670291,  0.00172654, -0.01875696, -0.00639256, -0.00781325,
       -0.00965961,  0.0413882 , -0.02046408, -0.0321539 ,  0.04623643,
        0.00048926,  0.03990493, -0.01786502, -0.00064473,  0.02457481,
        0.02939082, -0.00092964, -0.00370883, -0.0371969 ,  0.04182056,
        0.01077798,  0.00315444,  0.0191163 ,  0.00735294, -0.00707426,
        0.00687951,  0.00702193,  0.00624134, -0.02938383,  0.05083041,
       -0.02699215,  0.00885906, -0.00234501, -0.01831279, -0.01436681,
       -0.03739917, -0.0043797 , -0.00563062, -0.00063562, -0.01873828,
       -0.00204328,  0.0218004 , -0.0006574 ,  0.01389688,  0.02129113,
        0.00380043,  0.02729767,  0.02379076,  0.00845159,  0.13324302,
        0.06385483,  0.02473507, -0.0065819 , -0.00315901, -0.01825132,
        0.00411432, -0.02602779, -0.02517337, -0.01519931, -0.00117919,
       -0.01430742, -0.01423623,  0.01206909,  0.02128206, -0.00451731,
       -0.00208236,  0.00184881,  0.02629689, -0.00237992,  0.03341227,
        0.01197272, -0.02140285,  0.009365  ,  0.00709627,  0.01771906,
        0.02842157,  0.00709091,  0.03415563,  0.0378047 , -0.02029164,
        0.00827617, -0.0224617 ,  0.00451155, -0.00149868,  0.02765465,
       -0.02328369, -0.00978084,  0.01517195,  0.025368  ,  0.0284753 ,
       -0.00742349,  0.00020032, -0.02970022, -0.02076001, -0.00745019,
       -0.0042243 ,  0.00059281, -0.03352181,  0.02538024, -0.00206422,
       -0.0020021 ,  0.01082328,  0.02461012], dtype=float32), array([[-0.14049171, -0.1651238 ,  0.08710641, ...,  0.14183089,
         0.13152222,  0.11710877],
       [-0.09120025, -0.05195216,  0.05767526, ...,  0.13155377,
        -0.20666328, -0.06947123],
       [-0.14803761,  0.01533501, -0.08259884, ...,  0.04428448,
         0.14747553, -0.01813518],
       ...,
       [-0.20413652, -0.09319583,  0.15210651, ...,  0.04640479,
        -0.13369721,  0.11764418],
       [ 0.2043387 ,  0.12726109, -0.14313598, ...,  0.01174356,
         0.15093036,  0.04391376],
       [ 0.01280876,  0.0396646 , -0.1210962 , ..., -0.06068256,
        -0.15806684, -0.03034891]], dtype=float32), array([ 0.02405362, -0.06052777,  0.0170431 ,  0.00808397,  0.00018705,
       -0.04197043,  0.03827376,  0.00938962, -0.02504997, -0.02762436],
      dtype=float32)]